Td	ID	Tj	Df	Dd	Db
14	2000	0	0	14	14
14	2004	0	0	14	14
21	2002	0	0	21	21
25	2006	0	1	24	25
63	301	63	0	63	0
64	308	64	0	64	0
65	315	65	0	65	0
66	322	66	0	66	0
67	329	67	0	67	0
68	336	68	0	68	0
69	343	69	0	69	0
70	350	70	0	70	0
71	357	71	0	71	0
72	364	72	0	72	0
73	371	73	0	73	0
74	378	74	0	74	0
77	2378	75	0	2	2
78	2379	75	0	3	3
80	2385	76	0	4	4
81	2386	76	0	5	5
82	2393	77	0	5	5
83	2392	77	0	6	6
84	2399	78	0	6	6
84	2407	79	0	5	5
85	2413	80	0	5	5
86	2400	78	0	8	8
86	2414	80	0	6	6
87	2421	81	0	6	6
88	2406	79	0	9	9
88	2427	82	0	6	6
90	2420	81	0	9	9
90	2435	83	0	7	7
91	2428	82	0	9	9
91	494	91	0	91	0
92	2434	83	0	9	9
92	501	92	0	92	0
93	508	93	0	93	0
94	2475	88	0	6	6
94	515	94	0	94	0
95	522	95	0	95	0
96	2461	86	0	10	10
96	2489	90	0	6	6
96	529	96	0	96	0
97	2468	87	0	10	10
97	2447	84	0	13	13
97	536	97	0	97	0
98	2504	93	0	5	5
98	2532	97	0	1	1
98	2454	85	0	13	13
98	2525	96	0	2	2
98	2511	94	0	4	4
98	2497	92	0	6	6
99	2482	89	0	10	10
99	2518	95	0	4	4
99	2490	91	0	8	8


Battle Statistics for Earth Army:
- Total number of each unit (ES, ET, EG): 446, 76, 19
- Percentage of total destroyed units relative to total units: 0%
- Average of Df: inf
- Average of Dd: inf
- Average of Db: inf
- Df/Db %: 0.35461%
- Dd/Db %: 624.468%


Battle Statistics for Alien Army:
- Total number of each unit (AS, AM, AD): 438, 354, 0
- Percentage of total destroyed units relative to total units: 4.54545%
- Average of Df: 0.0277778
- Average of Dd: 48.9167
- Average of Db: 7.83333
- Df/Db %: 0.35461%
- Dd/Db %: 624.468%
